#	Isochrone	Z = 0.01900		Age = 	4.467e+09 yr
# log(age/yr)	M_ini   	M_act	logL/Lo	logTe	logG	Mbol 	Mu 	Mb 	Mv 	Mr 	Mi 	Mj 	Mh 	Mk 	Flum
	9.65	0.15000001	0.1500	-2.5079	3.5187	5.1429	11.040	15.669	14.459	12.899	11.803	10.547	9.181	8.481	8.221	-9.59274740
	9.65	0.20000000	0.2000	-2.2280	3.5403	5.0742	10.340	14.647	13.467	11.969	10.935	9.792	8.582	7.857	7.654	-6.50542581
	9.65	0.25000000	0.2500	-2.0334	3.5516	5.0217	9.854	13.958	12.780	11.319	10.327	9.261	8.157	7.403	7.202	-4.81334753
	9.65	0.30000001	0.3000	-1.8783	3.5609	4.9829	9.466	13.413	12.225	10.788	9.829	8.826	7.813	7.026	6.813	-3.76315853
	9.65	0.34999999	0.3500	-1.7466	3.5695	4.9527	9.136	12.954	11.751	10.332	9.399	8.450	7.519	6.696	6.472	-3.05614800
	9.65	0.40000001	0.4000	-1.6156	3.5772	4.9107	8.809	12.512	11.323	9.922	9.011	8.112	7.214	6.390	6.168	-2.55202682
	9.65	0.44484952	0.4448	-1.5085	3.5856	4.8832	8.541	12.126	10.988	9.611	8.725	7.880	6.958	6.178	5.974	-2.21094791
	9.65	0.44999999	0.4500	-1.4970	3.5865	4.8803	8.513	12.085	10.953	9.578	8.694	7.855	6.931	6.155	5.953	-2.17685426
	9.65	0.50000000	0.5000	-1.3743	3.5968	4.8446	8.206	11.639	10.566	9.219	8.367	7.594	6.639	5.916	5.734	-1.88823797
	9.65	0.60000002	0.6000	-1.1140	3.6208	4.7593	7.555	10.654	9.650	8.393	7.601	6.937	6.039	5.324	5.204	-1.47625717
	9.65	0.69999999	0.6999	-0.8414	3.6499	4.6701	6.873	9.485	8.605	7.480	6.784	6.215	5.427	4.758	4.684	-1.19890256
	9.65	0.72956479	0.7295	-0.7547	3.6613	4.6470	6.657	9.064	8.254	7.180	6.526	5.984	5.238	4.606	4.538	-1.13378320
	9.65	0.79832274	0.7982	-0.5626	3.6863	4.5940	6.176	8.150	7.502	6.534	5.970	5.483	4.828	4.281	4.220	-1.00398046
	9.65	0.80000001	0.7998	-0.5580	3.6869	4.5927	6.165	8.129	7.485	6.519	5.958	5.471	4.818	4.273	4.212	-1.00113983
	9.65	0.81291515	0.8127	-0.5208	3.6926	4.5853	6.072	7.943	7.336	6.392	5.850	5.377	4.744	4.219	4.159	-0.97972726
	9.65	0.86349827	0.8633	-0.3768	3.7154	4.5585	5.712	7.234	6.778	5.923	5.441	5.021	4.465	4.012	3.960	-0.90305301
	9.65	0.89999998	0.8997	-0.2766	3.7299	4.5344	5.461	6.774	6.420	5.622	5.177	4.782	4.272	3.861	3.816	-0.85396262
	9.65	0.92222214	0.9219	-0.2152	3.7374	4.5136	5.308	6.515	6.213	5.446	5.020	4.636	4.148	3.760	3.719	-0.82630094
	9.65	0.95016813	0.9498	-0.1387	3.7464	4.4859	5.117	6.205	5.963	5.231	4.824	4.454	3.993	3.628	3.588	-0.79366204
	9.65	0.97433954	0.9739	-0.0734	3.7537	4.4608	4.953	5.947	5.752	5.049	4.657	4.297	3.860	3.513	3.472	-0.76719769
	9.65	0.99558926	0.9951	-0.0169	3.7597	4.4374	4.812	5.730	5.572	4.894	4.513	4.162	3.743	3.410	3.370	-0.74517446
	9.65	1.00000000	0.9995	-0.0053	3.7608	4.4323	4.783	5.689	5.537	4.862	4.484	4.135	3.720	3.389	3.349	-0.74074074
	9.65	1.00595665	1.0054	0.0112	3.7623	4.4243	4.742	5.632	5.487	4.819	4.443	4.096	3.686	3.358	3.319	-0.73482551
	9.65	1.02459502	1.0240	0.0631	3.7670	4.3990	4.612	5.452	5.330	4.681	4.312	3.974	3.579	3.259	3.223	-0.71683748
	9.65	1.04114306	1.0404	0.1090	3.7708	4.3755	4.498	5.296	5.193	4.559	4.197	3.865	3.482	3.170	3.136	-0.70149920
	9.65	1.05601025	1.0552	0.1496	3.7740	4.3536	4.396	5.160	5.073	4.452	4.095	3.768	3.395	3.090	3.057	-0.68819934
	9.65	1.06927538	1.0684	0.1851	3.7766	4.3339	4.307	5.043	4.968	4.358	4.006	3.683	3.319	3.019	2.987	-0.67669866
	9.65	1.08009517	1.0792	0.2132	3.7786	4.3182	4.237	4.952	4.886	4.284	3.935	3.616	3.257	2.962	2.931	-0.66756337
	9.65	1.08148420	1.0806	0.2167	3.7788	4.3162	4.228	4.941	4.876	4.275	3.927	3.608	3.250	2.955	2.924	-0.66640614
	9.65	1.09018528	1.0892	0.2378	3.7801	4.3036	4.176	4.876	4.816	4.220	3.874	3.557	3.203	2.911	2.879	-0.65923583
	9.65	1.09908164	1.0981	0.2588	3.7812	4.2906	4.123	4.813	4.757	4.166	3.822	3.506	3.155	2.866	2.834	-0.65204234
	9.65	1.10000002	1.0990	0.2609	3.7813	4.2892	4.118	4.807	4.751	4.160	3.817	3.501	3.150	2.862	2.829	-0.65130752
	9.65	1.10351479	1.1025	0.2699	3.7817	4.2834	4.095	4.781	4.726	4.137	3.795	3.480	3.130	2.842	2.810	-0.64850857
	9.65	1.10776770	1.1067	0.2799	3.7821	4.2766	4.070	4.752	4.699	4.111	3.770	3.455	3.106	2.820	2.787	-0.64514968
	9.65	1.11277068	1.1117	0.2934	3.7827	4.2672	4.036	4.713	4.662	4.077	3.736	3.423	3.075	2.790	2.757	-0.64123700
	9.65	1.12258935	1.1214	0.3184	3.7836	4.2498	3.974	4.642	4.594	4.013	3.674	3.362	3.017	2.734	2.701	-0.63367707
	9.65	1.12962186	1.1284	0.3357	3.7841	4.2372	3.931	4.594	4.548	3.969	3.631	3.319	2.976	2.695	2.661	-0.62835715
	9.65	1.14166319	1.1404	0.3630	3.7843	4.2150	3.862	4.525	4.478	3.900	3.563	3.251	2.908	2.627	2.593	-0.61942671
	9.65	1.15228462	1.1509	0.3844	3.7837	4.1953	3.809	4.476	4.426	3.847	3.509	3.196	2.851	2.570	2.536	-0.61173108
	9.65	1.20000005	1.1982	0.5525	3.7895	4.0682	3.389	4.006	3.973	3.418	3.093	2.787	2.459	2.193	2.156	-0.57912395
	9.65	1.20024979	1.1985	0.5624	3.7905	4.0623	3.364	3.973	3.943	3.392	3.069	2.764	2.439	2.175	2.137	-0.57896128
	9.65	1.20038354	1.1986	0.5666	3.7907	4.0590	3.354	3.961	3.931	3.381	3.059	2.754	2.429	2.166	2.129	-0.57887419
	9.65	1.21036673	1.2085	0.5999	3.7858	4.0094	3.270	3.921	3.872	3.304	2.971	2.660	2.321	2.048	2.013	-0.57243781
	9.65	1.24262929	1.2403	0.6613	3.7668	3.8835	3.117	3.963	3.828	3.181	2.813	2.475	2.084	1.765	1.727	-0.55246541
	9.65	1.25478113	1.2522	0.6371	3.7439	3.8201	3.177	4.296	4.031	3.290	2.878	2.504	2.045	1.676	1.628	-0.54525475
	9.65	1.25887537	1.2563	0.6098	3.7316	3.7996	3.246	4.535	4.189	3.394	2.957	2.561	2.061	1.664	1.614	-0.54286212
	9.65	1.26200819	1.2593	0.5870	3.7212	3.7820	3.303	4.744	4.326	3.484	3.027	2.610	2.074	1.651	1.601	-0.54104364
	9.65	1.26498628	1.2623	0.5740	3.7120	3.7592	3.335	4.921	4.434	3.555	3.076	2.643	2.075	1.622	1.570	-0.53932479
	9.65	1.26588213	1.2632	0.5717	3.7094	3.7515	3.341	4.967	4.460	3.571	3.086	2.649	2.071	1.611	1.558	-0.53880959
	9.65	1.27277100	1.2699	0.6172	3.6982	3.6636	3.227	5.033	4.441	3.504	2.993	2.538	1.919	1.423	1.369	-0.53487631
	9.65	1.27731407	1.2744	0.6760	3.6938	3.5887	3.080	4.962	4.335	3.380	2.856	2.393	1.757	1.247	1.193	-0.53230965
	9.65	1.28115880	1.2781	0.7386	3.6908	3.5153	2.923	4.860	4.208	3.238	2.706	2.238	1.589	1.072	1.017	-0.53015423
	9.65	1.28426719	1.2812	0.7970	3.6888	3.4496	2.777	4.753	4.083	3.102	2.565	2.092	1.435	0.913	0.858	-0.52842269
	9.65	1.28719652	1.2840	0.8600	3.6868	3.3797	2.620	4.635	3.945	2.954	2.413	1.935	1.271	0.743	0.687	-0.52679989
	9.65	1.28976691	1.2864	0.9218	3.6848	3.3109	2.465	4.519	3.810	2.808	2.263	1.781	1.110	0.576	0.519	-0.52538307
	9.65	1.29197335	1.2885	0.9852	3.6828	3.2403	2.307	4.401	3.673	2.660	2.110	1.624	0.945	0.405	0.347	-0.52417214
	9.65	1.29386997	1.2903	1.0465	3.6806	3.1706	2.154	4.293	3.542	2.517	1.963	1.472	0.785	0.237	0.178	-0.52313512
	9.65	1.29555690	1.2918	1.1081	3.6783	3.1002	2.000	4.186	3.412	2.374	1.816	1.319	0.624	0.068	0.008	-0.52221575
	9.65	1.29698253	1.2931	1.1689	3.6758	3.0300	1.848	4.084	3.285	2.235	1.671	1.169	0.465	-0.099	-0.160	-0.52144098
	9.65	1.29833400	1.2943	1.2317	3.6732	2.9573	1.691	3.979	3.156	2.093	1.521	1.014	0.300	-0.273	-0.336	-0.52070836
	9.65	1.29945505	1.2952	1.2913	3.6706	2.8876	1.542	3.885	3.035	1.959	1.379	0.867	0.142	-0.439	-0.502	-0.52010201
	9.65	1.29999995	1.2956	1.3225	3.6693	2.8511	1.464	3.836	2.972	1.889	1.305	0.790	0.060	-0.526	-0.590	-0.51980772
	9.65	1.30068898	1.2962	1.3634	3.6675	2.8032	1.362	3.773	2.890	1.798	1.209	0.689	-0.048	-0.640	-0.704	-0.51943602
	9.65	1.30161846	1.2969	1.4271	3.6645	2.7277	1.202	3.679	2.765	1.657	1.059	0.533	-0.216	-0.818	-0.884	-0.51893533
	9.65	1.30243862	1.2974	1.4874	3.6615	2.6555	1.052	3.595	2.648	1.525	0.919	0.387	-0.376	-0.987	-1.054	-0.51849423
	9.65	1.30320907	1.2978	1.5485	3.6583	2.5819	0.899	3.513	2.533	1.393	0.778	0.239	-0.537	-1.159	-1.227	-0.51808045
	9.65	1.30386245	1.2982	1.5859	3.6566	2.5379	0.805	3.458	2.460	1.310	0.691	0.149	-0.635	-1.262	-1.331	-0.51773000
	9.65	1.30466914	1.2986	1.5353	3.6596	2.6007	0.932	3.518	2.551	1.417	0.806	0.270	-0.500	-1.118	-1.185	-0.51729789
	9.65	1.30524230	1.2989	1.5967	3.6567	2.5277	0.778	3.432	2.432	1.283	0.664	0.122	-0.662	-1.289	-1.358	-0.51699125
	9.65	1.30580652	1.2991	1.6563	3.6533	2.4545	0.629	3.361	2.323	1.155	0.528	-0.021	-0.820	-1.458	-1.528	-0.51668971
	9.65	1.30636787	1.2992	1.7197	3.6498	2.3771	0.471	3.291	2.211	1.023	0.385	-0.174	-0.987	-1.639	-1.709	-0.51638999
	9.65	1.30684209	1.2992	1.7858	3.6460	2.2959	0.306	3.222	2.096	0.886	0.236	-0.333	-1.162	-1.828	-1.898	-0.51613704
	9.65	1.30725658	1.2991	1.8457	3.6427	2.2227	0.156	3.157	1.990	0.762	0.101	-0.478	-1.319	-1.999	-2.069	-0.51591613
	9.65	1.30767131	1.2988	1.9122	3.6385	2.1393	-0.011	3.097	1.879	0.627	-0.047	-0.637	-1.496	-2.193	-2.262	-0.51569525
	9.65	1.30802703	1.2985	1.9752	3.6347	2.0609	-0.168	3.037	1.773	0.499	-0.187	-0.788	-1.662	-2.374	-2.444	-0.51550593
	9.65	1.30832946	1.2980	2.0382	3.6305	1.9813	-0.325	2.986	1.670	0.373	-0.326	-0.939	-1.829	-2.558	-2.628	-0.51534506
	9.65	1.30859208	1.2974	2.0995	3.6267	1.9042	-0.479	2.944	1.574	0.254	-0.458	-1.082	-1.990	-2.734	-2.806	-0.51520544
	9.65	1.30881965	1.2967	2.1585	3.6227	1.8289	-0.626	2.917	1.493	0.147	-0.577	-1.215	-2.144	-2.905	-2.981	-0.51508451
	9.65	1.30901814	1.2959	2.2180	3.6183	1.7518	-0.775	2.899	1.416	0.043	-0.697	-1.348	-2.301	-3.081	-3.159	-0.51497908
	9.65	1.30921578	1.2948	2.2802	3.6143	1.6730	-0.931	2.867	1.327	-0.072	-0.826	-1.490	-2.464	-3.261	-3.343	-0.51487413
	9.65	1.30938601	1.2936	2.3432	3.6102	1.5932	-1.088	2.835	1.238	-0.190	-0.958	-1.634	-2.630	-3.444	-3.529	-0.51478376
	9.65	1.30953372	1.2923	2.4025	3.6064	1.5183	-1.236	2.805	1.153	-0.301	-1.083	-1.770	-2.787	-3.617	-3.705	-0.51470538
	9.65	1.30966127	1.2908	2.4599	3.6015	1.4410	-1.380	2.792	1.087	-0.395	-1.196	-1.900	-2.940	-3.791	-3.883	-0.51463771
	9.65	1.30978656	1.2889	2.5212	3.5970	1.3611	-1.533	2.725	0.997	-0.502	-1.317	-2.057	-3.103	-3.968	-4.065	-0.51457125
	9.65	1.30989420	1.2868	2.5837	3.5919	1.2773	-1.689	2.662	0.910	-0.606	-1.438	-2.217	-3.270	-4.152	-4.254	-0.51451416
	9.65	1.30999851	1.2842	2.6464	3.5869	1.1938	-1.846	2.591	0.818	-0.712	-1.561	-2.377	-3.438	-4.335	-4.443	-0.51445886
	9.65	1.31008863	1.2814	2.7080	3.5820	1.1116	-2.000	2.518	0.725	-0.818	-1.682	-2.534	-3.603	-4.516	-4.629	-0.51441108
	9.65	1.31016552	1.2783	2.7673	3.5767	1.0301	-2.148	2.452	0.641	-0.914	-1.796	-2.686	-3.762	-4.692	-4.811	-0.51437033
	9.65	1.31023312	1.2748	2.8253	3.5722	0.9528	-2.293	2.391	0.571	-0.990	-1.892	-2.827	-3.915	-4.840	-4.980	-0.51433450
	9.65	1.31030416	1.2702	2.8877	3.5663	0.8653	-2.449	2.375	0.558	-1.010	-1.948	-2.964	-4.077	-4.959	-5.158	-0.51429685
	9.65	1.31036508	1.2651	2.9488	3.5584	0.7708	-2.602	2.410	0.598	-0.977	-1.966	-3.090	-4.238	-5.062	-5.339	-0.51426458
	9.65	1.31041849	1.2595	3.0079	3.5534	0.6900	-2.750	2.379	0.570	-1.010	-2.030	-3.221	-4.390	-5.179	-5.505	-0.51423628
	9.65	1.31046784	1.2528	3.0660	3.5485	0.6099	-2.895	2.350	0.546	-1.040	-2.091	-3.350	-4.540	-5.293	-5.669	-0.51421014
	9.65	1.31050873	1.2459	3.1198	3.5408	0.5229	-3.030	2.414	0.649	-0.943	-2.050	-3.418	-4.692	-5.383	-5.845	-0.51418848
	9.65	1.31055295	1.2364	3.1816	3.5354	0.4361	-3.184	2.419	0.713	-0.882	-2.035	-3.484	-4.866	-5.508	-6.044	-0.51416506
	9.65	1.31058884	1.2267	3.2341	3.5284	0.3525	-3.315	2.492	0.862	-0.738	-1.949	-3.502	-5.024	-5.603	-6.232	-0.51414605
	9.65	1.31062484	1.2145	3.2932	3.5229	0.2666	-3.463	2.508	0.939	-0.664	-1.922	-3.559	-5.192	-5.721	-6.425	-0.51412699
	9.65	1.31065488	1.2016	3.3442	3.5156	0.1818	-3.590	2.595	1.106	-0.502	-1.822	-3.568	-5.347	-5.809	-6.611	-0.51411108
	9.65	1.31066656	1.1957	3.3621	3.5138	0.1549	-3.635	2.601	1.131	-0.478	-1.813	-3.585	-5.398	-5.845	-6.670	-0.51410489
	9.65	1.31066656	1.1956	1.6622	3.6656	2.4620	0.614	3.112	2.175	1.059	0.467	-0.056	-0.804	-1.396	-1.461	-0.51410489
	9.65	1.31101358	1.1957	1.6954	3.6630	2.4181	0.531	3.088	2.123	0.993	0.394	-0.135	-0.894	-1.496	-1.561	-0.51392119
	9.65	1.31130266	1.1958	1.7032	3.6627	2.4090	0.512	3.076	2.107	0.976	0.376	-0.154	-0.914	-1.517	-1.583	-0.51376825
	9.65	1.31148946	1.1958	1.7014	3.6628	2.4114	0.516	3.078	2.110	0.979	0.380	-0.150	-0.910	-1.512	-1.577	-0.51366946
	9.65	1.31183851	1.1959	1.6970	3.6634	2.4181	0.527	3.077	2.115	0.987	0.389	-0.140	-0.897	-1.497	-1.563	-0.51348496
	9.65	1.31218934	1.1960	1.6940	3.6638	2.4227	0.535	3.076	2.118	0.992	0.395	-0.133	-0.888	-1.487	-1.553	-0.51329963
	9.65	1.31254470	1.1962	1.6919	3.6641	2.4261	0.540	3.075	2.120	0.995	0.399	-0.128	-0.882	-1.480	-1.545	-0.51311202
	9.65	1.31290352	1.1963	1.6908	3.6643	2.4281	0.543	3.073	2.120	0.996	0.401	-0.126	-0.879	-1.476	-1.541	-0.51292272
	9.65	1.31326592	1.1964	1.6892	3.6646	2.4309	0.547	3.071	2.121	0.999	0.404	-0.122	-0.874	-1.470	-1.535	-0.51273164
	9.65	1.31362927	1.1965	1.6880	3.6648	2.4331	0.550	3.069	2.121	1.000	0.406	-0.119	-0.871	-1.466	-1.531	-0.51254019
	9.65	1.31401312	1.1967	1.6872	3.6651	2.4351	0.552	3.066	2.120	1.000	0.407	-0.118	-0.868	-1.462	-1.527	-0.51233808
	9.65	1.31439126	1.1968	1.6855	3.6656	2.4389	0.556	3.059	2.119	1.001	0.409	-0.114	-0.862	-1.455	-1.519	-0.51213911
	9.65	1.31454456	1.1968	1.6851	3.6657	2.4398	0.557	3.057	2.118	1.001	0.409	-0.114	-0.861	-1.453	-1.517	-0.51205848
	9.65	1.31503272	1.1970	1.6856	3.6660	2.4406	0.556	3.051	2.114	0.998	0.407	-0.115	-0.861	-1.452	-1.517	-0.51180188
	9.65	1.31558359	1.1972	1.6852	3.6664	2.4427	0.557	3.044	2.110	0.996	0.407	-0.115	-0.859	-1.449	-1.513	-0.51151259
	9.65	1.31613064	1.1974	1.6856	3.6666	2.4432	0.556	3.038	2.107	0.994	0.405	-0.116	-0.860	-1.448	-1.512	-0.51122559
	9.65	1.31628764	1.1974	1.6855	3.6667	2.4437	0.556	3.037	2.106	0.993	0.405	-0.116	-0.859	-1.448	-1.512	-0.51114327
	9.65	1.31667066	1.1975	1.6868	3.6667	2.4421	0.553	3.035	2.104	0.991	0.402	-0.119	-0.863	-1.451	-1.515	-0.51094255
	9.65	1.31720090	1.1977	1.6894	3.6664	2.4385	0.547	3.035	2.101	0.986	0.396	-0.125	-0.870	-1.460	-1.524	-0.51066490
	9.65	1.31774044	1.1979	1.6936	3.6663	2.4338	0.536	3.027	2.091	0.976	0.386	-0.136	-0.881	-1.471	-1.535	-0.51038265
	9.65	1.31831634	1.1981	1.7013	3.6658	2.4244	0.517	3.018	2.078	0.960	0.369	-0.154	-0.901	-1.493	-1.557	-0.51008168
	9.65	1.31912816	1.1983	1.7146	3.6652	2.4087	0.484	3.000	2.052	0.931	0.338	-0.187	-0.936	-1.530	-1.594	-0.50965794
	9.65	1.31954086	1.1984	1.7331	3.6647	2.3883	0.437	2.966	2.012	0.887	0.293	-0.232	-0.984	-1.579	-1.644	-0.50944276
	9.65	1.32030642	1.1985	1.7548	3.6633	2.3610	0.383	2.944	1.974	0.842	0.244	-0.284	-1.042	-1.642	-1.707	-0.50904402
	9.65	1.32053149	1.1985	1.7728	3.6621	2.3383	0.338	2.926	1.943	0.805	0.204	-0.327	-1.090	-1.695	-1.759	-0.50892690
	9.65	1.32083356	1.1985	1.8215	3.6580	2.2732	0.216	2.895	1.868	0.709	0.098	-0.442	-1.224	-1.842	-1.907	-0.50876977
	9.65	1.32097375	1.1985	1.8607	3.6548	2.2212	0.118	2.867	1.806	0.630	0.011	-0.535	-1.332	-1.960	-2.025	-0.50869688
	9.65	1.32104933	1.1985	1.9291	3.6493	2.1307	-0.053	2.828	1.704	0.499	-0.136	-0.697	-1.517	-2.166	-2.231	-0.50865759
	9.65	1.32107103	1.1984	1.9820	3.6447	2.0594	-0.185	2.808	1.632	0.402	-0.248	-0.821	-1.659	-2.327	-2.393	-0.50864632
	9.65	1.32108808	1.1984	2.0839	3.6372	1.9273	-0.440	2.746	1.478	0.205	-0.470	-1.064	-1.931	-2.629	-2.697	-0.50863746
	9.65	1.32109487	1.1984	2.1456	3.6316	1.8434	-0.594	2.737	1.399	0.096	-0.598	-1.207	-2.096	-2.817	-2.887	-0.50863392
	9.65	1.32110298	1.1984	2.2183	3.6266	1.7508	-0.776	2.697	1.291	-0.043	-0.752	-1.376	-2.287	-3.029	-3.101	-0.50862971
	9.65	1.32111311	1.1983	2.2874	3.6211	1.6595	-0.948	2.688	1.208	-0.160	-0.888	-1.530	-2.470	-3.235	-3.312	-0.50862444
	9.65	1.32112086	1.1983	2.3108	3.6191	1.6282	-1.007	2.687	1.181	-0.199	-0.934	-1.582	-2.532	-3.306	-3.384	-0.50862042
	9.65	1.32114601	1.1981	2.2544	3.6244	1.7056	-0.866	2.675	1.237	-0.110	-0.827	-1.458	-2.382	-3.132	-3.206	-0.50860734
	9.65	1.32120514	1.1978	2.1943	3.6285	1.7819	-0.716	2.703	1.322	-0.001	-0.704	-1.322	-2.224	-2.958	-3.029	-0.50857662
	9.65	1.32122278	1.1977	2.1928	3.6286	1.7839	-0.712	2.704	1.324	0.002	-0.701	-1.319	-2.220	-2.953	-3.024	-0.50856745
	9.65	1.32146311	1.1965	2.2791	3.6223	1.6720	-0.928	2.674	1.209	-0.151	-0.875	-1.513	-2.447	-3.207	-3.282	-0.50844259
	9.65	1.32154036	1.1960	2.3417	3.6168	1.5873	-1.084	2.679	1.142	-0.253	-0.996	-1.651	-2.614	-3.398	-3.477	-0.50840247
	9.65	1.32161009	1.1954	2.4127	3.6111	1.4932	-1.262	2.671	1.058	-0.374	-1.138	-1.810	-2.803	-3.611	-3.695	-0.50836625
	9.65	1.32166958	1.1946	2.4879	3.6053	1.3946	-1.450	2.644	0.965	-0.502	-1.289	-1.980	-3.003	-3.837	-3.926	-0.50833537
	9.65	1.32172334	1.1937	2.5521	3.5987	1.3036	-1.610	2.630	0.902	-0.595	-1.405	-2.133	-3.176	-4.037	-4.131	-0.50830745
	9.65	1.32175660	1.1929	2.6154	3.5923	1.2146	-1.769	2.583	0.828	-0.689	-1.520	-2.296	-3.349	-4.229	-4.331	-0.50829018
	9.65	1.32179439	1.1918	2.6947	3.5858	1.1088	-1.967	2.495	0.713	-0.822	-1.674	-2.498	-3.561	-4.462	-4.571	-0.50827057
	9.65	1.32181692	1.1909	2.7607	3.5813	1.0245	-2.132	2.403	0.603	-0.943	-1.809	-2.666	-3.736	-4.651	-4.765	-0.50825887
	9.65	1.32183266	1.1901	2.8175	3.5757	0.9450	-2.274	2.343	0.527	-1.030	-1.915	-2.812	-3.890	-4.823	-4.943	-0.50825070
	9.65	1.32184589	1.1893	2.8761	3.5701	0.8637	-2.420	2.313	0.494	-1.070	-1.985	-2.947	-4.044	-4.954	-5.115	-0.50824383
	9.65	1.32185960	1.1882	2.9336	3.5639	0.7808	-2.564	2.318	0.502	-1.068	-2.022	-3.070	-4.194	-5.059	-5.281	-0.50823672
	9.65	1.32187057	1.1871	2.9861	3.5566	0.6989	-2.695	2.358	0.547	-1.030	-2.030	-3.177	-4.333	-5.145	-5.439	-0.50823103
	9.65	1.32188380	1.1855	3.0440	3.5523	0.6229	-2.840	2.316	0.509	-1.073	-2.101	-3.308	-4.482	-5.262	-5.600	-0.50822416
	9.65	1.32189667	1.1834	3.0986	3.5452	0.5395	-2.977	2.345	0.544	-1.045	-2.117	-3.421	-4.625	-5.354	-5.762	-0.50821747
	9.65	1.32191014	1.1808	3.1523	3.5385	0.4579	-3.111	2.400	0.660	-0.933	-2.059	-3.462	-4.781	-5.452	-5.945	-0.50821048
	9.65	1.32192564	1.1771	3.2083	3.5329	0.3779	-3.251	2.427	0.749	-0.848	-2.022	-3.510	-4.943	-5.561	-6.131	-0.50820244
	9.65	1.32194054	1.1725	3.2618	3.5257	0.2943	-3.384	2.502	0.901	-0.700	-1.934	-3.528	-5.103	-5.658	-6.323	-0.50819471
	9.65	1.32195055	1.1687	3.3147	3.5178	0.2084	-3.517	2.601	1.088	-0.519	-1.819	-3.532	-5.265	-5.748	-6.519	-0.50818951
	9.65	1.32195222	1.1679	3.3515	3.5137	0.1545	-3.609	2.632	1.164	-0.445	-1.781	-3.556	-5.373	-5.818	-6.645	-0.50818864
	9.65	1.32195377	1.1672	3.3616	3.5125	0.1396	-3.634	2.640	1.184	-0.425	-1.771	-3.563	-5.402	-5.837	-6.680	-0.50818784
	9.65	1.32195568	1.1662	3.3742	3.5111	0.1211	-3.666	2.642	1.194	-0.416	-1.768	-3.580	-5.438	-5.869	-6.719	-0.50818685
	9.65	1.32195747	1.1651	3.3869	3.5097	0.1025	-3.697	2.640	1.194	-0.416	-1.771	-3.601	-5.474	-5.907	-6.756	-0.50818592
	9.65	1.32195926	1.1640	3.3994	3.5084	0.0839	-3.729	2.638	1.195	-0.416	-1.774	-3.623	-5.509	-5.945	-6.793	-0.50818499
	9.65	1.32196105	1.1628	3.4120	3.5070	0.0653	-3.760	2.636	1.195	-0.416	-1.777	-3.645	-5.545	-5.982	-6.830	-0.50818407
	9.65	1.32196295	1.1616	3.4246	3.5056	0.0467	-3.792	2.634	1.196	-0.416	-1.780	-3.667	-5.581	-6.020	-6.867	-0.50818308
	9.65	1.32196474	1.1603	3.4372	3.5042	0.0280	-3.823	2.631	1.196	-0.415	-1.783	-3.689	-5.616	-6.057	-6.904	-0.50818215
	9.65	1.32196653	1.1590	3.4498	3.5028	0.0093	-3.855	2.629	1.196	-0.415	-1.786	-3.710	-5.652	-6.095	-6.941	-0.50818122
	9.65	1.32196832	1.1576	3.4624	3.5014	-0.0094	-3.886	2.627	1.197	-0.415	-1.789	-3.732	-5.687	-6.133	-6.978	-0.50818029
	9.65	1.32197022	1.1561	3.4750	3.5000	-0.0282	-3.918	2.625	1.197	-0.415	-1.792	-3.754	-5.723	-6.170	-7.015	-0.50817930
	9.65	1.32197201	1.1545	3.4876	3.4986	-0.0469	-3.949	2.623	1.198	-0.415	-1.795	-3.776	-5.759	-6.208	-7.052	-0.50817837
	9.65	1.32197380	1.1529	3.5002	3.4972	-0.0658	-3.981	2.620	1.198	-0.414	-1.797	-3.797	-5.794	-6.245	-7.089	-0.50817745
	9.65	1.32197523	1.1515	3.5103	3.4961	-0.0808	-4.006	2.619	1.199	-0.414	-1.800	-3.815	-5.823	-6.276	-7.118	-0.50817670
	9.65	1.32197714	1.1497	3.5229	3.4947	-0.0997	-4.037	2.617	1.199	-0.414	-1.803	-3.836	-5.858	-6.313	-7.155	-0.50817571
	9.65	1.32197893	1.1478	3.5355	3.4933	-0.1186	-4.069	2.615	1.200	-0.414	-1.805	-3.858	-5.894	-6.351	-7.192	-0.50817479
	9.65	1.32198071	1.1458	3.5481	3.4919	-0.1376	-4.100	2.612	1.200	-0.413	-1.808	-3.880	-5.930	-6.388	-7.229	-0.50817386
	9.65	1.32198262	1.1437	3.5607	3.4905	-0.1566	-4.132	2.610	1.201	-0.413	-1.811	-3.902	-5.965	-6.426	-7.266	-0.50817287
	9.65	1.32198441	1.1415	3.5733	3.4890	-0.1757	-4.163	2.608	1.201	-0.413	-1.814	-3.923	-6.001	-6.464	-7.303	-0.50817194
	9.65	1.32198620	1.1392	3.5859	3.4876	-0.1948	-4.195	2.606	1.202	-0.412	-1.817	-3.945	-6.037	-6.501	-7.340	-0.50817101
	9.65	1.32198799	1.1367	3.5985	3.4862	-0.2139	-4.226	2.604	1.203	-0.412	-1.820	-3.967	-6.072	-6.539	-7.377	-0.50817008
	9.65	1.32198989	1.1341	3.6111	3.4848	-0.2331	-4.258	2.602	1.203	-0.412	-1.822	-3.989	-6.108	-6.577	-7.415	-0.50816909
	9.65	1.32199168	1.1314	3.6237	3.4834	-0.2524	-4.289	2.600	1.204	-0.411	-1.825	-4.010	-6.143	-6.614	-7.452	-0.50816817
	9.65	1.32199311	1.1291	3.6338	3.4823	-0.2678	-4.314	2.599	1.204	-0.411	-1.827	-4.028	-6.172	-6.644	-7.481	-0.50816742
	9.65	1.32199490	1.1261	3.6459	3.4809	-0.2866	-4.345	2.597	1.205	-0.410	-1.830	-4.048	-6.206	-6.681	-7.517	-0.50816650
	9.65	1.32199681	1.1230	3.6579	3.4796	-0.3052	-4.375	2.595	1.206	-0.410	-1.832	-4.069	-6.240	-6.717	-7.552	-0.50816551
	9.65	1.32199824	1.1204	3.6675	3.4785	-0.3200	-4.399	2.594	1.207	-0.409	-1.834	-4.086	-6.267	-6.745	-7.580	-0.50816476
	9.65	1.32200003	1.1169	3.6794	3.4772	-0.3387	-4.429	2.592	1.207	-0.409	-1.837	-4.106	-6.301	-6.781	-7.615	-0.50816384
	9.65	1.32200181	1.1133	3.6914	3.4758	-0.3575	-4.459	2.590	1.208	-0.408	-1.839	-4.127	-6.335	-6.817	-7.651	-0.50816291
	9.65	1.32200491	1.1052	3.7025	3.4746	-0.3768	-4.486	2.589	1.210	-0.407	-1.841	-4.145	-6.367	-6.850	-7.683	-0.50816130
	9.65	1.32200873	1.0881	3.7151	3.4731	-0.4021	-4.518	2.589	1.213	-0.404	-1.841	-4.166	-6.402	-6.888	-7.721	-0.50815932
	9.65	1.32201219	1.0580	3.7262	3.4716	-0.4312	-4.545	2.592	1.217	-0.400	-1.840	-4.184	-6.434	-6.922	-7.754	-0.50815753
	9.65	1.32201529	0.9767	3.7364	3.4699	-0.4830	-4.571	2.602	1.231	-0.386	-1.830	-4.198	-6.465	-6.955	-7.786	-0.50815592
	9.65	1.32201612	0.8696	3.7392	3.4687	-0.5410	-4.578	2.620	1.251	-0.367	-1.813	-4.197	-6.476	-6.967	-7.798	-0.50815549
	9.65	1.32201612	0.7778	3.7400	3.4678	-0.5938	-4.580	2.637	1.270	-0.348	-1.797	-4.192	-6.480	-6.973	-7.803	-0.50815549
	9.65	1.32201612	0.6850	3.7407	3.4668	-0.6538	-4.582	2.657	1.291	-0.327	-1.778	-4.187	-6.485	-6.979	-7.809	-0.50815549
	9.65	1.32201612	0.5910	3.7414	3.4656	-0.7233	-4.584	2.679	1.316	-0.302	-1.755	-4.181	-6.490	-6.986	-7.816	-0.50815549
	9.65	1.32201612	0.5613	3.7417	3.4652	-0.7476	-4.584	2.687	1.325	-0.293	-1.748	-4.178	-6.492	-6.989	-7.818	-0.50815549
